DistributionCoefs[0][0][0]=1.;
DistributionCoefs[1][0][0]=3.0531575115952705;
DistributionCoefs[1][1][1]=2.6666666666666667;
DistributionCoefs[1][2][0]=5.3333333333333333;
DistributionCoefs[2][0][0]=6.7603488175344838;
DistributionCoefs[2][0][1]=8.9080582867903409;
DistributionCoefs[2][0][2]=-5.8486544599048051;
DistributionCoefs[2][1][0]=56.329346177938477;
DistributionCoefs[2][1][1]=-10.647415557572886;
DistributionCoefs[2][1][2]=-2.5555555555555556;
DistributionCoefs[2][2][0]=-21.294831115145773;
DistributionCoefs[2][2][1]=-10.222222222222222;
DistributionCoefs[2][2][2]=7.1111111111111111;
DistributionCoefs[2][3][0]=-10.222222222222222;
DistributionCoefs[2][3][1]=21.333333333333333;
DistributionCoefs[2][4][0]=14.222222222222222;
DistributionCoefs[3][0][0]=114.50574854450479;
DistributionCoefs[3][0][1]=-31.928817291232389;
DistributionCoefs[3][0][2]=-81.778019275894686;
DistributionCoefs[3][0][3]=18.808107892813991;
DistributionCoefs[3][1][0]=276.76581066120197;
DistributionCoefs[3][1][1]=-435.18211507843171;
DistributionCoefs[3][1][2]=116.75162316625729;
DistributionCoefs[3][1][3]=-12.330979794314048;
DistributionCoefs[3][2][0]=-870.36423015686343;
DistributionCoefs[3][2][1]=719.9200280844859;
DistributionCoefs[3][2][2]=-90.097789805299241;
DistributionCoefs[3][2][3]=-13.62962962962963;
DistributionCoefs[3][3][0]=822.62197369610669;
DistributionCoefs[3][3][1]=-196.30749065001343;
DistributionCoefs[3][3][2]=-61.333333333333333;
DistributionCoefs[3][3][3]=9.4814814814814815;
DistributionCoefs[3][4][0]=-130.87166043334229;
DistributionCoefs[3][4][1]=-90.864197530864198;
DistributionCoefs[3][4][2]=37.925925925925926;
DistributionCoefs[3][5][0]=-45.432098765432099;
DistributionCoefs[3][5][1]=47.407407407407407;
DistributionCoefs[3][6][0]=18.962962962962963;
